26.9375 10.6875
32.75 9.96875
31.375 4.875
27.6562 2.0625
23.9375 -0.75
18.1562 -0.75
10.875 -0.75
6.60938 3.73438
2.34375 8.21875
2.34375 16.3125
2.34375 24.6875
6.65627 29.3125
10.9688 33.9375
17.8438 33.9375
24.5 33.9375
28.7188 29.4062
32.9375 24.875
32.9375 16.6562
32.9375 16.1562
32.9062 15.1562
8.15625 15.1562
8.46875 9.6875
11.25 6.78125
14.0312 3.875
18.1875 3.875
21.2812 3.875
23.4687 5.5
25.6562 7.125
8.46875 19.7812
27 19.7812
26.625 23.9688
24.875 26.0625
22.1875 29.3125
17.9062 29.3125
14.0312 29.3125
11.3906 26.7188
8.75 24.125
